0321234567
0327654321
0331122334
0339988776
0341029384
0345566778
0351230987
0357654329
0369876543
0361237890
0370987123
0374567890
0387890123
0385678901
0392345678
0398765432
0901234567
0907654321
0911122334
0919988776
0921029384
0925566778
0931230987
0937654329
0949876543
0941237890
0960987123
0964567890
0977890123
0975678901
0982345678
0988765432
0991234567
0997654321
0701234567
0707654321
0761122334
0769988776
0771029384
0775566778
0781230987
0787654329
0799876543
0791237890
0810987123
0814567890
0827890123
0825678901
0832345678
0838765432
0841234567
0847654321
0851122334
0859988776
0861029384
0865566778
0881230987
0887654329
0899876543
0891237890
0560987123
0564567890
0587890123
0585678901
0592345678
0598765432
0329990001
0329990002
0339990003
0339990004
0349990005
0349990006
0359990007
0359990008
0369990009
0369990010
0379990011
0379990012
0389990013
0389990014
0399990015
0399990016
0909990017
0909990018
0919990019
0919990020
0929990021
0929990022
0939990023
0939990024
0949990025
0949990026
0969990027
0969990028
0979990029
0979990030
0989990031
0989990032
0999990033
0999990034
0709990035
0709990036
0769990037
0769990038
0779990039
0779990040
0789990041
0789990042
0799990043
0799990044
0819990045
0819990046
0829990047
0829990048
0839990049
0839990050
0849990051
0849990052
0859990053
0859990054
0869990055
0869990056
0889990057
0889990058
0899990059
0899990060
0569990061
0569990062
0589990063
0589990064
0599990065
0599990066
0325551234
0335552345
0345553456
0355554567
0365555678
0375556789
0385557890
0395558901
0905551234
0915552345
0925553456
0935554567
0945555678
0965556789
0975557890
0985558901
0995559012
0705551234
0765552345
0775553456
0785554567
0795555678
0815556789
0825557890
0835558901
0845559012
0855550123
0865551234
0885552345
0895553456
0565554567
0585555678
0595556789
+14155550123
+14155550234
+14155550345
+14155550456
+14155550567
+14155550678
+14155550789
+14155550890
+14155551901
+14155552012
+442071234567
+442071234568
+442071234569
+442071234570
+442071234571
+442071234572
+442071234573
+442071234574
+442071234575
+442071234576
+55115550123
+55115550234
+55115550345
+55115550456
+55115550567
+55115550678
+55115550789
+55115550890
+55115551901
+55115552012
+819012345678
+819012345679
+819012345680
+819012345681
+819012345682
+819012345683
+819012345684
+819012345685
+819012345686
+819012345687
+61412345678
+61412345679
+61412345670
+61412345671
+61412345672
+61412345673
+61412345674
+61412345675
+61412345676
+61412345677
+8613800138000
+8613800138001
+8613800138002
+8613800138003
+8613800138004
+8613800138005
+8613800138006
+8613800138007
+8613800138008
+8613800138009
+918123456789
+918123456780
+918123456781
+918123456782
+918123456783
+918123456784
+918123456785
+918123456786
+918123456787
+918123456788
+493012345678
+493012345679
+493012345670
+493012345671
+493012345672
+493012345673
+493012345674
+493012345675
+493012345676
+493012345677
+33612345678
+33612345679
+33612345670
+33612345671
+33612345672
+33612345673
+33612345674
+33612345675
+33612345676
+33612345677
+821012345678
+821012345679
+821012345670
+821012345671
+821012345672
+821012345673
+821012345674
+821012345675
+821012345676
+821012345677
+390612345678
+390612345679
+390612345670
+390612345671
+390612345672
+390612345673
+390612345674
+390612345675
+390612345676
+390612345677
+351234567890
+351234567891
+351234567892
+351234567893
+351234567894
+351234567895
+351234567896
+351234567897
+351234567898
+351234567899
+821098765432
+821098765433
+821098765434
+821098765435
+821098765436
+821098765437
+821098765438
+821098765439
+821098765430
+821098765431
+5491123456789
+5491123456790
+5491123456791
+5491123456792
+5491123456793
+5491123456794
+5491123456795
+5491123456796
+5491123456797
+5491123456798
+642123456789
+642123456780
+642123456781
+642123456782
+642123456783
+642123456784
+642123456785
+642123456786
+642123456787
+642123456788
+481234567890
+481234567891
+481234567892
+481234567893
+481234567894
+481234567895
+481234567896
+481234567897
+481234567898
+481234567899
+85291234567
+85291234568
+85291234569
+85291234560
+85291234561
+85291234562
+85291234563
+85291234564
+85291234565
+85291234566
+5531991234567
+5531991234568
+5531991234569
+5531991234570
+5531991234571
+5531991234572
+5531991234573
+5531991234574
+5531991234575
+5531991234576
+33123456789
+33123456780
+33123456781
+33123456782
+33123456783
+33123456784
+33123456785
+33123456786
+33123456787
+33123456788
